empty 99999 9999 9999 9999
empty 99999 9999 9999 9999
empty 99999 9999 9999 9999
empty 99999 9999 9999 9999
empty 99999 9999 9999 9999
empty 99999 9999 9999 9999
empty 99999 9999 9999 9999
empty 99999 9999 9999 9999
empty 99999 9999 9999 9999
asd 8 121 6 5
empty 99999 9999 9999 9999
empty 99999 9999 9999 9999
empty 99999 9999 9999 9999
empty 99999 9999 9999 9999
empty 99999 9999 9999 9999
empty 99999 9999 9999 9999
empty 99999 9999 9999 9999
empty 99999 9999 9999 9999
empty 99999 9999 9999 9999
asd 6 121 6 5
empty 99999 9999 9999 9999
empty 99999 9999 9999 9999
empty 99999 9999 9999 9999
empty 99999 9999 9999 9999
empty 99999 9999 9999 9999
empty 99999 9999 9999 9999
empty 99999 9999 9999 9999
empty 99999 9999 9999 9999
empty 99999 9999 9999 9999
asd 9 121 6 5
empty 99999 9999 9999 9999
empty 99999 9999 9999 9999
empty 99999 9999 9999 9999
empty 99999 9999 9999 9999
empty 99999 9999 9999 9999
empty 99999 9999 9999 9999
empty 99999 9999 9999 9999
empty 99999 9999 9999 9999
empty 99999 9999 9999 9999
asd 7 121 6 5
